1 0.23639403292181072 0.7744741655235482 0.02250514403292184 0.029721079103795227
1 0.2772247942386831 0.639586191129401 0.042438271604938294 0.06401463191586648
1 0.3447402263374485 0.7156035665294923 0.02057613168724283 0.037722908093278586
1 0.35888631687242795 0.718461362597165 0.021862139917695464 0.034293552812071255
1 0.4540509259259259 0.7001714677640603 0.025720164609053478 0.04343850022862373
1 0.5302469135802468 0.6818815729309556 0.028935185185185237 0.054869684499314
3 0.4903806584362139 0.7464677640603566 0.028935185185185237 0.05144032921810709
3 0.5810442386831276 0.7384659350708733 0.03793724279835402 0.04458161865569284
3 0.7199331275720164 0.7116026520347507 0.03665123456790127 0.07315957933241896
1 0.8633230452674897 0.6807384545038866 0.02764917695473249 0.054869684499314
1 0.722826646090535 0.7087448559670781 0.03472222222222238 0.0651577503429356
1 0.5797582304526749 0.7390374942844079 0.03022119341563799 0.03657978966620948