1 0.23832304526748968 0.6630201188843163 0.02893518518518518 0.05144032921810709
1 0.2984439300411522 0.7224622770919066 0.02057613168724283 0.037722908093278586
1 0.5308899176954732 0.6853109282121628 0.03279320987654325 0.03886602652034749
3 0.4537294238683128 0.693312757201646 0.01736111111111119 0.034293552812071255
3 0.4887731481481481 0.7470393232738911 0.021862139917695464 0.03657978966620948
3 0.5771862139917695 0.7390374942844079 0.021219135802469206 0.04801097393689975
3 0.5874742798353909 0.7390374942844079 0.028935185185185237 0.04572473708276195
1 0.5755787037037037 0.7333219021490626 0.02829218106995886 0.054869684499314
1 0.7257201646090535 0.7064586191129401 0.0443672839506173 0.06973022405121161
1 0.85625 0.7264631915866483 0.023791152263374707 0.02514860539551878
1 0.9295524691358025 0.6847393689986282 0.02764917695473249 0.042295381801554614